@0x0
0101000000000000
0101100000000000
0100000000100000
0100000001000000
0100000001100000
0100000010000000
0100000010100000
0100000011000000
0100000011100000
0100000100000000
0100000100100000
0100000101000000
0100000101100000
0100000110000000
0100000110100000
0100000111000000
0100000111100000
0100001000000000
0100001000100000
0100001001000000
0100001001100000
0100001010000000
0100001010100000
0100001011000000
0100001011100000
0100001100000000
0100001100100000
0100001101000000
0100001101100000
0100001110000000
0100001110100000
0100001111000000
0100001111100000
0110110000000000
0101000000000001
0101100000001100
0100100000000000
0101000100000001
0101100100001011
0100100000100001
0101001000000001
0101101000001010
0100100001000010
0101001100000001
0101101100001001
0100100001100011
0101010000000001
0101110000000011
0100100010000100
0110110000000000
0111111111111111
0100000010110110
0000000010100000
0111000100000011
0100000010100110
0001001011000000
1001000000000000
0100000010110110
0000000010100001
0111000100000011
0100000010100110
0001001011000001
1001000000000001
0100000010110110
0000000010100010
0111000100000011
0100000010100110
0001001011000010
1001000000000010
0100000010110110
0000000010100011
0111000100000011
0100000010100110
0001001011000011
1001000000000011
0100000010110110
0000000010100100
0111000100000011
0100000010100110
0001001011000100
1001000000000111
0110111111100000
@0x100
1000000000000000
0100000000000000
0010000000000000
0001000000000000
0000100000000000
0000010000000000
0000001000000000
0000000100000000
0000000010000000
0000000001000000
0000000000100000
0000000000010000
0000000000001000