6C05
9C00
6C24
5400
5C00
6C56
5000
5800
4020
4040
4060
4080
40A0
40C0
40E0
4100
4120
4140
4160
4180
41A0
41C0
41E0
4220
4240
4260
4280
42A0
42C0
42E0
4300
4320
4340
4360
4380
43A0
43C0
43E0
6810
5000
5864
5100
5932
5200
5A96
5300
5B19
4300
4321
4342
4360
4383
43A2
8500
5000
58C8
5100
59FA
5201
5A2C
5301
5B90
4300
4321
4342
4361
4382
43A3
43C0
43E3
8700
5001
5845
5100
594B
5201
5AF4
5300
5BC8
4300
4321
4342
4363
8300
5000
584B
5101
5945
4300
4321
8100
6810
7832
5701
5FAC
4907
0116
7105
12C8
50FF
58FF
4300
A688
5701
5FAA
4907
0116
7105
12C8
5000
5801
4300
A688
5701
5FA9
4907
0116
7105
12C8
5000
5801
4300
A684
5701
5FAB
4907
0116
7105
12C8
50FF
58FF
4300
A684
5701
5FA6
4907
0116
7102
12C8
AE88
5701
5FA5
4907
0116
7102
12C8
AE80
5701
5FA7
4907
0116
7102
12C8
AA88
5701
5FA8
4907
0116
7102
12C8
AA80
5701
5FA4
4907
0116
7102
12C8
B28A
5701
5FA3
4907
0116
7102
12C8
B288
5701
5FA2
4907
0116
7102
12C8
6C10
5701
5FA0
4907
0116
7102
12C8
6C45
5701
5FA1
4907
0116
7103
12C8
9C00
6F3B
6F96
3261
7202
5A80
4262
5701
5FAD
4907
0113
7102
9007
7030
5701
5FAE
4907
0113
7102
9001
7029
5701
5FAF
4907
0113
7102
9002
7022
5701
5FB0
4907
0113
7102
9003
701B
5701
5FB1
4907
0113
7102
9004
7014
5701
5FB2
4907
0113
7102
9005
700D
5701
5FB3
4907
0113
7102
9006
7006
5701
5FB4
4907
0113
7101
9000
6810
2681
42B4
5200
5A04
12B2
7202
5C00
5400
6810
7800
7800
7800
7800
7800
7800
7800
7800
7800
7800
7800
7800
7800
7800
7800
7800
7800
7800
7800
7800
7800
7800
7800
7800
7800
7800
7800
7800
7800
7800
7800
7800
7800
7800
7800
7800
7800
7800
7800
7800
7800
7800
7800
7800
7800
7800
7800
7800
7800
7800
7800
7800
7800
7800
7800
7800
7800
7800
7800
7800
7800
7800
7800
7800
7800
7800
7800
7800
7800
7800
7800
7800
7800
7800
7800
7800
7800
7800
7800
7800
7800
7800
7800
7800
7800
7800
7800
7800
7800
7800
7800
7800
7800
7800
7800
7800
7800
7800
7800
7800
7800
7800
7800
7800
7800
7800
7800
7800
7800
7800
7800
7800
7800
7800
7800
7800
7800
7800
7800
7800
7800
7800
7800
7800
7800
7800
7800
7800
7800
7800
7800
7800
7800
7800
7800
7800
7800
7800
7800
7800
7800
7800
7800
7800
7800
7800
7800
7800
7800
8000
4000
2000
1000
0800
0400
0200
0100
0080
0040
0020
0010
0008
0001
0002
0004
0008
0010
0020
0040
0080
7800
7800
7800
7800
7800
7800
7800
7800
7800
7800
7800
7800
7800
7800
7800
7800
7800
7800
7800
7800
7800
7800
7800
7800
7800
7800
7800
7800
7800
7800
7800
7800
7800
7800
7800
7800
7800
7800
7800
7800
7800
7800
7800
7800
7800
7800
7800
7800
7800
7800
7800
7800
7800
7800
7800
7800
7800
7800
7800
7800
7800
7800
7800
7800
7800
7800
7800
7800
7800
7800
7800
7800
7800
7800
7800