@0x0
0110110000000110
1001110000000000
1001000000000111
0110110000100100
0101010000000000
0101110000000000
0110110001010110
0101000000000000
0101100000000000
0100000000100000
0100000001000000
0100000001100000
0100000010000000
0100000010100000
0100000011000000
0100000011100000
0100000100000000
0100000100100000
0100000101000000
0100000101100000
0100000110000000
0100000110100000
0100000111000000
0100000111100000
0100001000100000
0100001001000000
0100001001100000
0100001010000000
0100001010100000
0100001011000000
0100001011100000
0100001100000000
0100001100100000
0100001101000000
0100001101100000
0100001110000000
0100001110100000
0100001111000000
0100001111100000
0110100000010000
0101000000000000
0101100001100100
0101000100000000
0101100100110010
0101001000000000
0101101010010110
0101001100000000
0101101100011001
0100001100000000
0100001100100001
0100001101000010
0100001101100000
0100001110000011
0100001110100010
1000010100000000
0101000000000000
0101100011001000
0101000100000000
0101100111111010
0101001000000001
0101101000101100
0101001100000001
0101101110010000
0100001100000000
0100001100100001
0100001101000010
0100001101100001
0100001110000010
0100001110100011
0100001111000000
0100001111100011
1000011100000000
0101000000000001
0101100001000101
0101000100000000
0101100101001011
0101001000000001
0101101011110100
0101001100000000
0101101111001000
0100001100000000
0100001100100001
0100001101000010
0100001101100011
1000001100000000
0101000000000000
0101100001001011
0101000100000001
0101100101000101
0100001100000000
0100001100100001
1000000100000000
0110100000010000
0111100000110010
0101011100000001
0101111110001100
0100100100000111
0000000100010110
0111000100000101
0001001011001000
0101000011111111
0101100011111111
0100001100000000
1010011010001000
0101011100000001
0101111110001010
0100100100000111
0000000100010110
0111000100000101
0001001011001000
0101000000000000
0101100000000001
0100001100000000
1010011010001000
0101011100000001
0101111110001001
0100100100000111
0000000100010110
0111000100000101
0001001011001000
0101000000000000
0101100000000001
0100001100000000
1010011010000100
0101011100000001
0101111110001011
0100100100000111
0000000100010110
0111000100000101
0001001011001000
0101000011111111
0101100011111111
0100001100000000
1010011010000100
0101011100000001
0101111110000110
0100100100000111
0000000100010110
0111000100000010
0001001011001000
1010111010001000
0101011100000001
0101111110000101
0100100100000111
0000000100010110
0111000100000010
0001001011001000
1010111010000000
0101011100000001
0101111110000111
0100100100000111
0000000100010110
0111000100000010
0001001011001000
1010101010001000
0101011100000001
0101111110001000
0100100100000111
0000000100010110
0111000100000010
0001001011001000
1010101010000000
0101011100000001
0101111110000100
0100100100000111
0000000100010110
0111000100000010
0001001011001000
1011001010001010
0101011100000001
0101111110000011
0100100100000111
0000000100010110
0111000100000010
0001001011001000
1011001010001000
0101011100000001
0101111110000010
0100100100000111
0000000100010110
0111000100000010
0001001011001000
0110110000010000
0101011100000001
0101111110000000
0100100100000111
0000000100010110
0111000100000010
0001001011001000
0110110001000101
0101011100000001
0101111110000001
0100100100000111
0000000100010110
0111000100000011
0001001011001000
1001110000000000
0110111100111010
0110111110010110
0011001001100001
0111001000000010
0101101010000000
0100001001100010
0101011100000001
0101111110001101
0100100100000111
0000000100010011
0111000100000010
1001000000000111
0111000000110000
0101011100000001
0101111110001110
0100100100000111
0000000100010011
0111000100000010
1001000000000001
0111000000101001
0101011100000001
0101111110001111
0100100100000111
0000000100010011
0111000100000010
1001000000000010
0111000000100010
0101011100000001
0101111110010000
0100100100000111
0000000100010011
0111000100000010
1001000000000011
0111000000011011
0101011100000001
0101111110010001
0100100100000111
0000000100010011
0111000100000010
1001000000000100
0111000000010100
0101011100000001
0101111110010010
0100100100000111
0000000100010011
0111000100000010
1001000000000101
0111000000001101
0101011100000001
0101111110010011
0100100100000111
0000000100010011
0111000100000010
1001000000000110
0111000000000110
0101011100000001
0101111110010100
0100100100000111
0000000100010011
0111000100000001
1001000000000000
0110100000010000
0010011010000001
0100001010110100
0010011010111100
0111001000000001
0101110000000000
0110100000010000
@0x180
1000000000000000
0100000000000000
0010000000000000
0001000000000000
0000100000000000
0000010000000000
0000001000000000
0000000100000000
0000000010000000
0000000001000000
0000000000100000
0000000000010000
0000000000001000
0000000000000001
0000000000000010
0000000000000100
0000000000001000
0000000000010000
0000000000100000
0000000001000000
0000000010000000