5000
5800
4020
4040
4060
4080
40A0
40C0
40E0
4100
4120
4140
4160
4180
41A0
41C0
41E0
4200
4220
4240
4260
4280
42A0
42C0
42E0
4300
4320
4340
4360
4380
43A0
43C0
43E0
6C00
5001
580C
4800
5101
590B
4821
5201
5A0A
4842
5301
5B09
4863
5401
5C03
4884
6C00
7FFF
40B6
00A0
7103
40A6
12C0
9000
40B6
00A1
7103
40A6
12C1
9001
40B6
00A2
7103
40A6
12C2
9002
40B6
00A3
7103
40A6
12C3
9003
40B6
00A4
7103
40A6
12C4
9007
6FE0
7800
7800
7800
7800
7800
7800
7800
7800
7800
7800
7800
7800
7800
7800
7800
7800
7800
7800
7800
7800
7800
7800
7800
7800
7800
7800
7800
7800
7800
7800
7800
7800
7800
7800
7800
7800
7800
7800
7800
7800
7800
7800
7800
7800
7800
7800
7800
7800
7800
7800
7800
7800
7800
7800
7800
7800
7800
7800
7800
7800
7800
7800
7800
7800
7800
7800
7800
7800
7800
7800
7800
7800
7800
7800
7800
7800
7800
7800
7800
7800
7800
7800
7800
7800
7800
7800
7800
7800
7800
7800
7800
7800
7800
7800
7800
7800
7800
7800
7800
7800
7800
7800
7800
7800
7800
7800
7800
7800
7800
7800
7800
7800
7800
7800
7800
7800
7800
7800
7800
7800
7800
7800
7800
7800
7800
7800
7800
7800
7800
7800
7800
7800
7800
7800
7800
7800
7800
7800
7800
7800
7800
7800
7800
7800
7800
7800
7800
7800
7800
7800
7800
7800
7800
7800
7800
7800
7800
7800
7800
7800
7800
7800
7800
7800
7800
7800
7800
7800
7800
7800
7800
7800
7800
7800
8000
4000
2000
1000
0800
0400
0200
0100
0080
0040
0020
0010
0008
7800
7800
7800
7800
7800
7800
7800
7800
7800
7800
7800
7800
7800
7800
7800
7800
7800
7800
7800
7800
7800
7800
7800
7800
7800
7800
7800
7800
7800
7800
7800
7800
7800
7800
7800
7800
7800
7800
7800
7800
7800
7800
7800
7800
7800
7800
7800
7800
7800
7800
7800
7800
7800
7800
7800
7800
7800
7800
7800
7800
7800
7800
7800
7800
7800
7800
7800
7800
7800
7800
7800
7800
7800
7800
7800
7800
7800
7800
7800
7800
7800
7800
7800
7800
7800
7800
7800
7800
7800
7800
7800
7800
7800
7800
7800
7800
7800
7800
7800
7800
7800
7800
7800
7800
7800
7800
7800
7800
7800
7800
7800
7800
7800
7800
7800
7800
7800
7800
7800
7800
7800
7800
7800
7800
7800
7800
7800
7800
7800
7800
7800
7800
7800
7800
7800
7800
7800
7800
7800
7800
7800
7800
7800
7800
7800
7800
7800
7800
7800
7800
7800
7800
7800
7800
7800
7800
7800
7800
7800
7800
7800
7800
7800
7800
7800
7800
7800
7800
7800
7800
7800
7800
7800
7800
7800
7800
7800
7800
7800
7800
7800
7800
7800
7800
7800
7800
7800
7800
7800
7800
7800
7800
7800
7800
7800
7800
7800
7800
7800
7800
7800
7800
7800
7800
7800
7800
7800
7800
7800
7800
7800
7800
7800
7800
7800
7800
7800
7800
7800
7800
7800
7800
7800
7800
7800
7800
7800
7800
7800
7800
7800
7800
7800
7800
7800
7800
7800
7800
7800
7800
7800
7800
7800