//////////////////////
//ADD R0 RX
//////////////////////
0010000000000000
0010000000000001
0010000000000010
0010000000000011
0010000000000100
0010000000000101
0010000000000110
0010000000000111
0010000000001000
0010000000001001
0010000000001010
0010000000001011
0010000000001100
0010000000001101
0010000000001110
0010000000001111
0010000000010000
0010000000010001
0010000000010010
0010000000010011
//////////////////////
//ADD R1 RX
//////////////////////
0010000000100000
0010000000100001
0010000000100010
0010000000100011
0010000000100100
0010000000100101
0010000000100110
0010000000100111
0010000000101000
0010000000101001
0010000000101010
0010000000101011
0010000000101100
0010000000101101
0010000000101110
0010000000101111
0010000000110000
0010000000110001
0010000000110010
0010000000110011
//////////////////////
//ADD R2 RX
//////////////////////
0010000001000000
0010000001000001
0010000001000010
0010000001000011
0010000001000100
0010000001000101
0010000001000110
0010000001000111
0010000001001000
0010000001001001
0010000001001010
0010000001001011
0010000001001100
0010000001001101
0010000001001110
0010000001001111
0010000001010000
0010000001010001
0010000001010010
0010000001010011
//////////////////////
//ADD R3 RX
//////////////////////
0010000001100000
0010000001100001
0010000001100010
0010000001100011
0010000001100100
0010000001100101
0010000001100110
0010000001100111
0010000001101000
0010000001101001
0010000001101010
0010000001101011
0010000001101100
0010000001101101
0010000001101110
0010000001101111
0010000001110000
0010000001110001
0010000001110010
0010000001110011
//////////////////////
//ADD R4 RX
//////////////////////
0010000010000000
0010000010000001
0010000010000010
0010000010000011
0010000010000100
0010000010000101
0010000010000110
0010000010000111
0010000010001000
0010000010001001
0010000010001010
0010000010001011
0010000010001100
0010000010001101
0010000010001110
0010000010001111
0010000010010000
0010000010010001
0010000010010010
0010000010010011
//////////////////////
//ADD R5 RX
//////////////////////
0010000010100000
0010000010100001
0010000010100010
0010000010100011
0010000010100100
0010000010100101
0010000010100110
0010000010100111
0010000010101000
0010000010101001
0010000010101010
0010000010101011
0010000010101100
0010000010101101
0010000010101110
0010000010101111
0010000010110000
0010000010110001
0010000010110010
0010000010110011
//////////////////////
//ADD R6 RX
//////////////////////
0010000011000000
0010000011000001
0010000011000010
0010000011000011
0010000011000100
0010000011000101
0010000011000110
0010000011000111
0010000011001000
0010000011001001
0010000011001010
0010000011001011
0010000011001100
0010000011001101
0010000011001110
0010000011001111
0010000011010000
0010000011010001
0010000011010010
0010000011010011
//////////////////////
//ADD R7 RX
//////////////////////
0010000011100000
0010000011100001
0010000011100010
0010000011100011
0010000011100100
0010000011100101
0010000011100110
0010000011100111
0010000011101000
0010000011101001
0010000011101010
0010000011101011
0010000011101100
0010000011101101
0010000011101110
0010000011101111
0010000011110000
0010000011110001
0010000011110010
0010000011110011
//////////////////////
//ADD R8 RX
//////////////////////
0010000100000000
0010000100000001
0010000100000010
0010000100000011
0010000100000100
0010000100000101
0010000100000110
0010000100000111
0010000100001000
0010000100001001
0010000100001010
0010000100001011
0010000100001100
0010000100001101
0010000100001110
0010000100001111
0010000100010000
0010000100010001
0010000100010010
0010000100010011
//////////////////////
//ADD R9 RX
//////////////////////
0010000100100000
0010000100100001
0010000100100010
0010000100100011
0010000100100100
0010000100100101
0010000100100110
0010000100100111
0010000100101000
0010000100101001
0010000100101010
0010000100101011
0010000100101100
0010000100101101
0010000100101110
0010000100101111
0010000100110000
0010000100110001
0010000100110010
0010000100110011
//////////////////////
//ADD R10 RX
//////////////////////
0010000101000000
0010000101000001
0010000101000010
0010000101000011
0010000101000100
0010000101000101
0010000101000110
0010000101000111
0010000101001000
0010000101001001
0010000101001010
0010000101001011
0010000101001100
0010000101001101
0010000101001110
0010000101001111
0010000101010000
0010000101010001
0010000101010010
0010000101010011
//////////////////////
//ADD R11 RX
//////////////////////
0010000101100000
0010000101100001
0010000101100010
0010000101100011
0010000101100100
0010000101100101
0010000101100110
0010000101100111
0010000101101000
0010000101101001
0010000101101010
0010000101101011
0010000101101100
0010000101101101
0010000101101110
0010000101101111
0010000101110000
0010000101110001
0010000101110010
0010000101110011
//////////////////////
//ADD R12 RX
//////////////////////
0010000110000000
0010000110000001
0010000110000010
0010000110000011
0010000110000100
0010000110000101
0010000110000110
0010000110000111
0010000110001000
0010000110001001
0010000110001010
0010000110001011
0010000110001100
0010000110001101
0010000110001110
0010000110001111
0010000110010000
0010000110010001
0010000110010010
0010000110010011
//////////////////////
//ADD R13 RX
//////////////////////
0010000110100000
0010000110100001
0010000110100010
0010000110100011
0010000110100100
0010000110100101
0010000110100110
0010000110100111
0010000110101000
0010000110101001
0010000110101010
0010000110101011
0010000110101100
0010000110101101
0010000110101110
0010000110101111
0010000110110000
0010000110110001
0010000110110010
0010000110110011
//////////////////////
//ADD R14 RX
//////////////////////
0010000111000000
0010000111000001
0010000111000010
0010000111000011
0010000111000100
0010000111000101
0010000111000110
0010000111000111
0010000111001000
0010000111001001
0010000111001010
0010000111001011
0010000111001100
0010000111001101
0010000111001110
0010000111001111
0010000111010000
0010000111010001
0010000111010010
0010000111010011
//////////////////////
//ADD R15 RX
//////////////////////
0010000111100000
0010000111100001
0010000111100010
0010000111100011
0010000111100100
0010000111100101
0010000111100110
0010000111100111
0010000111101000
0010000111101001
0010000111101010
0010000111101011
0010000111101100
0010000111101101
0010000111101110
0010000111101111
0010000111110000
0010000111110001
0010000111110010
0010000111110011
//////////////////////
//ADD R16 RX
//////////////////////
0010001000000000
0010001000000001
0010001000000010
0010001000000011
0010001000000100
0010001000000101
0010001000000110
0010001000000111
0010001000001000
0010001000001001
0010001000001010
0010001000001011
0010001000001100
0010001000001101
0010001000001110
0010001000001111
00100010000010000
0010001000010001
0010001000010010
0010001000010011
//////////////////////
//ADD R17 RX
//////////////////////
0010001000100000
0010001000100001
0010001000100010
0010001000100011
0010001000100100
0010001000100101
0010001000100110
0010001000100111
0010001000101000
0010001000101001
0010001000101010
0010001000101011
0010001000101100
0010001000101101
0010001000101110
0010001000101111
00100010001010000
0010001000110001
0010001000110010
0010001000110011
//////////////////////
//ADD R18 RX
//////////////////////
0010001001000000
0010001001000001
0010001001000010
0010001001000011
0010001001000100
0010001001000101
0010001001000110
0010001001000111
0010001001001000
0010001001001001
0010001001001010
0010001001001011
0010001001001100
0010001001001101
0010001001001110
0010001001001111
00100010010010000
0010001001010001
0010001001010010
0010001001010011
//////////////////////
//ADD R19 RX
//////////////////////
0010001001100000
0010001001100001
0010001001100010
0010001001100011
0010001001100100
0010001001100101
0010001001100110
0010001001100111
0010001001101000
0010001001101001
0010001001101010
0010001001101011
0010001001101100
0010001001101101
0010001001101110
0010001001101111
00100010011010000
0010001001110001
0010001001110010
0010001001110011
0010001001110011