//////////////////////
//ADDI R0 RX
//////////////////////
0010010000000000
0010010000000001
0010010000000010
0010010000000011
0010010000000100
0010010000000101
0010010000000110
0010010000000111
0010010000001000
0010010000001001
0010010000001010
0010010000001011
0010010000001100
0010010000001101
0010010000001110
0010010000001111
0010010000010000
0010010000010001
0010010000010010
0010010000010011
0010010000010100
0010010000010101
0010010000010110
0010010000010111
0010010000011000
0010010000011001
0010010000011010
0010010000011011
0010010000011100
0010010000011101
0010010000011110
0010010000011111
//////////////////////
//ADDI R1 RX
//////////////////////
0010010000100000
0010010000100001
0010010000100010
0010010000100011
0010010000100100
0010010000100101
0010010000100110
0010010000100111
0010010000101000
0010010000101001
0010010000101010
0010010000101011
0010010000101100
0010010000101101
0010010000101110
0010010000101111
0010010000110000
0010010000110001
0010010000110010
0010010000110011
0010010000110100
0010010000110101
0010010000110110
0010010000110111
0010010000111000
0010010000111001
0010010000111010
0010010000111011
0010010000111100
0010010000111101
0010010000111110
0010010000111111
//////////////////////
//ADDI R2 RX
//////////////////////
0010010001000000
0010010001000001
0010010001000010
0010010001000011
0010010001000100
0010010001000101
0010010001000110
0010010001000111
0010010001001000
0010010001001001
0010010001001010
0010010001001011
0010010001001100
0010010001001101
0010010001001110
0010010001001111
0010010001010000
0010010001010001
0010010001010010
0010010001010011
0010010001010100
0010010001010101
0010010001010110
0010010001010111
0010010001011000
0010010001011001
0010010001011010
0010010001011011
0010010001011100
0010010001011101
0010010001011110
0010010001011111
//////////////////////
//ADDI R3 RX
//////////////////////
0010010001100000
0010010001100001
0010010001100010
0010010001100011
0010010001100100
0010010001100101
0010010001100110
0010010001100111
0010010001101000
0010010001101001
0010010001101010
0010010001101011
0010010001101100
0010010001101101
0010010001101110
0010010001101111
0010010001110000
0010010001110001
0010010001110010
0010010001110011
0010010001110100
0010010001110101
0010010001110110
0010010001110111
0010010001111000
0010010001111001
0010010001111010
0010010001111011
0010010001111100
0010010001111101
0010010001111110
0010010001111111
//////////////////////
//ADDI R4 RX
//////////////////////
0010010010000000
0010010010000001
0010010010000010
0010010010000011
0010010010000100
0010010010000101
0010010010000110
0010010010000111
0010010010001000
0010010010001001
0010010010001010
0010010010001011
0010010010001100
0010010010001101
0010010010001110
0010010010001111
0010010010010000
0010010010010001
0010010010010010
0010010010010011
0010010010010100
0010010010010101
0010010010010110
0010010010010111
0010010010011000
0010010010011001
0010010010011010
0010010010011011
0010010010011100
0010010010011101
0010010010011110
0010010010011111
//////////////////////
//ADDI R5 RX
//////////////////////
0010010010100000
0010010010100001
0010010010100010
0010010010100011
0010010010100100
0010010010100101
0010010010100110
0010010010100111
0010010010101000
0010010010101001
0010010010101010
0010010010101011
0010010010101100
0010010010101101
0010010010101110
0010010010101111
0010010010110000
0010010010110001
0010010010110010
0010010010110011
0010010010110100
0010010010110101
0010010010110110
0010010010110111
0010010010111000
0010010010111001
0010010010111010
0010010010111011
0010010010111100
0010010010111101
0010010010111110
0010010010111111
//////////////////////
//ADDI R6 RX
//////////////////////
0010010011000000
0010010011000001
0010010011000010
0010010011000011
0010010011000100
0010010011000101
0010010011000110
0010010011000111
0010010011001000
0010010011001001
0010010011001010
0010010011001011
0010010011001100
0010010011001101
0010010011001110
0010010011001111
0010010011010000
0010010011010001
0010010011010010
0010010011010011
0010010011010100
0010010011010101
0010010011010110
0010010011010111
0010010011011000
0010010011011001
0010010011011010
0010010011011011
0010010011011100
0010010011011101
0010010011011110
0010010011011111
//////////////////////
//ADDI R7 RX
//////////////////////
0010010011100000
0010010011100001
0010010011100010
0010010011100011
0010010011100100
0010010011100101
0010010011100110
0010010011100111
0010010011101000
0010010011101001
0010010011101010
0010010011101011
0010010011101100
0010010011101101
0010010011101110
0010010011101111
0010010011110000
0010010011110001
0010010011110010
0010010011110011
0010010011110100
0010010011110101
0010010011110110
0010010011110111
0010010011111000
0010010011111001
0010010011111010
0010010011111011
0010010011111100
0010010011111101
0010010011111110
0010010011111111
//////////////////////
//ADDI R8 RX
//////////////////////
0010010100000000
0010010100000001
0010010100000010
0010010100000011
0010010100000100
0010010100000101
0010010100000110
0010010100000111
0010010100001000
0010010100001001
0010010100001010
0010010100001011
0010010100001100
0010010100001101
0010010100001110
0010010100001111
0010010100010000
0010010100010001
0010010100010010
0010010100010011
0010010100010100
0010010100010101
0010010100010110
0010010100010111
0010010100011000
0010010100011001
0010010100011010
0010010100011011
0010010100011100
0010010100011101
0010010100011110
0010010100011111
//////////////////////
//ADDI R9 RX
//////////////////////
0010010100100000
0010010100100001
0010010100100010
0010010100100011
0010010100100100
0010010100100101
0010010100100110
0010010100100111
0010010100101000
0010010100101001
0010010100101010
0010010100101011
0010010100101100
0010010100101101
0010010100101110
0010010100101111
0010010100110000
0010010100110001
0010010100110010
0010010100110011
0010010100110100
0010010100110101
0010010100110110
0010010100110111
0010010100111000
0010010100111001
0010010100111010
0010010100111011
0010010100111100
0010010100111101
0010010100111110
0010010100111111
//////////////////////
//ADDI R10 RX
//////////////////////
0010010101000000
0010010101000001
0010010101000010
0010010101000011
0010010101000100
0010010101000101
0010010101000110
0010010101000111
0010010101001000
0010010101001001
0010010101001010
0010010101001011
0010010101001100
0010010101001101
0010010101001110
0010010101001111
0010010101010000
0010010101010001
0010010101010010
0010010101010011
0010010101010100
0010010101010101
0010010101010110
0010010101010111
0010010101011000
0010010101011001
0010010101011010
0010010101011011
0010010101011100
0010010101011101
0010010101011110
0010010101011111
//////////////////////
//ADDI R11 RX
//////////////////////
0010010101100000
0010010101100001
0010010101100010
0010010101100011
0010010101100100
0010010101100101
0010010101100110
0010010101100111
0010010101101000
0010010101101001
0010010101101010
0010010101101011
0010010101101100
0010010101101101
0010010101101110
0010010101101111
0010010101110000
0010010101110001
0010010101110010
0010010101110011
0010010101110100
0010010101110101
0010010101110110
0010010101110111
0010010101111000
0010010101111001
0010010101111010
0010010101111011
0010010101111100
0010010101111101
0010010101111110
0010010101111111
//////////////////////
//ADDI R12 RX
//////////////////////
0010010110000000
0010010110000001
0010010110000010
0010010110000011
0010010110000100
0010010110000101
0010010110000110
0010010110000111
0010010110001000
0010010110001001
0010010110001010
0010010110001011
0010010110001100
0010010110001101
0010010110001110
0010010110001111
0010010110010000
0010010110010001
0010010110010010
0010010110010011
0010010110010100
0010010110010101
0010010110010110
0010010110010111
0010010110011000
0010010110011001
0010010110011010
0010010110011011
0010010110011100
0010010110011101
0010010110011110
0010010110011111
//////////////////////
//ADDI R13 RX
//////////////////////
0010010110100000
0010010110100001
0010010110100010
0010010110100011
0010010110100100
0010010110100101
0010010110100110
0010010110100111
0010010110101000
0010010110101001
0010010110101010
0010010110101011
0010010110101100
0010010110101101
0010010110101110
0010010110101111
0010010110110000
0010010110110001
0010010110110010
0010010110110011
0010010110110100
0010010110110101
0010010110110110
0010010110110111
0010010110111000
0010010110111001
0010010110111010
0010010110111011
0010010110111100
0010010110111101
0010010110111110
0010010110111111
//////////////////////
//ADDI R14 RX
//////////////////////
0010010111000000
0010010111000001
0010010111000010
0010010111000011
0010010111000100
0010010111000101
0010010111000110
0010010111000111
0010010111001000
0010010111001001
0010010111001010
0010010111001011
0010010111001100
0010010111001101
0010010111001110
0010010111001111
0010010111010000
0010010111010001
0010010111010010
0010010111010011
0010010111010100
0010010111010101
0010010111010110
0010010111010111
0010010111011000
0010010111011001
0010010111011010
0010010111011011
0010010111011100
0010010111011101
0010010111011110
0010010111011111
//////////////////////
//ADDI R15 RX
//////////////////////
0010010111100000
0010010111100001
0010010111100010
0010010111100011
0010010111100100
0010010111100101
0010010111100110
0010010111100111
0010010111101000
0010010111101001
0010010111101010
0010010111101011
0010010111101100
0010010111101101
0010010111101110
0010010111101111
0010010111110000
0010010111110001
0010010111110010
0010010111110011
0010010111110100
0010010111110101
0010010111110110
0010010111110111
0010010111111000
0010010111111001
0010010111111010
0010010111111011
0010010111111100
0010010111111101
0010010111111110
0010010111111111
//////////////////////
//ADDI R16 RX
//////////////////////
0010011000000000
0010011000000001
0010011000000010
0010011000000011
0010011000000100
0010011000000101
0010011000000110
0010011000000111
0010011000001000
0010011000001001
0010011000001010
0010011000001011
0010011000001100
0010011000001101
0010011000001110
0010011000001111
00100110000010000
0010011000010001
0010011000010010
0010011000010011
0010011000010100
0010011000010101
0010011000010110
0010011000010111
0010011000011000
0010011000011001
0010011000011010
0010011000011011
0010011000011100
0010011000011101
0010011000011110
0010011000011111
//////////////////////
//ADDI R17 RX
//////////////////////
0010011000100000
0010011000100001
0010011000100010
0010011000100011
0010011000100100
0010011000100101
0010011000100110
0010011000100111
0010011000101000
0010011000101001
0010011000101010
0010011000101011
0010011000101100
0010011000101101
0010011000101110
0010011000101111
00100110001010000
0010011000110001
0010011000110010
0010011000110011
0010011000110100
0010011000110101
0010011000110110
0010011000110111
0010011000111000
0010011000111001
0010011000111010
0010011000111011
0010011000111100
0010011000111101
0010011000111110
0010011000111111
//////////////////////
//ADDI R18 RX
//////////////////////
0010011001000000
0010011001000001
0010011001000010
0010011001000011
0010011001000100
0010011001000101
0010011001000110
0010011001000111
0010011001001000
0010011001001001
0010011001001010
0010011001001011
0010011001001100
0010011001001101
0010011001001110
0010011001001111
00100110010010000
0010011001010001
0010011001010010
0010011001010011
0010011001010100
0010011001010101
0010011001010110
0010011001010111
0010011001011000
0010011001011001
0010011001011010
0010011001011011
0010011001011100
0010011001011101
0010011001011110
0010011001011111
//////////////////////
//ADDI R19 RX
//////////////////////
0010011001100000
0010011001100001
0010011001100010
0010011001100011
0010011001100100
0010011001100101
0010011001100110
0010011001100111
0010011001101000
0010011001101001
0010011001101010
0010011001101011
0010011001101100
0010011001101101
0010011001101110
0010011001101111
00100110011010000
0010011001110001
0010011001110010
0010011001110011
0010011001110011
0010011001110100
0010011001110101
0010011001110110
0010011001110111
0010011001111000
0010011001111001
0010011001111010
0010011001111011
0010011001111100
0010011001111101
0010011001111110
0010011001111111