//////////////////////
//LDR R0 X
//////////////////////
0100100000000000
0100100000000001
0100100000000010
0100100000000011
0100100000000100
0100100000000101
0100100000000110
0100100000000111
0100100000001000
0100100000001001
0100100000001010
0100100000001011
0100100000001100
0100100000001101
0100100000001110
0100100000001111
0100100000010000
0100100000010001
0100100000010010
0100100000010011
//////////////////////
//LDR R1 X
//////////////////////
0100100000100000
0100100000100001
0100100000100010
0100100000100011
0100100000100100
0100100000100101
0100100000100110
0100100000100111
0100100000101000
0100100000101001
0100100000101010
0100100000101011
0100100000101100
0100100000101101
0100100000101110
0100100000101111
0100100000110000
0100100000110001
0100100000110010
0100100000110011
//////////////////////
//LDR R2 X
//////////////////////
0100100001000000
0100100001000001
0100100001000010
0100100001000011
0100100001000100
0100100001000101
0100100001000110
0100100001000111
0100100001001000
0100100001001001
0100100001001010
0100100001001011
0100100001001100
0100100001001101
0100100001001110
0100100001001111
0100100001010000
0100100001010001
0100100001010010
0100100001010011
//////////////////////
//LDR R3 X
//////////////////////
0100100001100000
0100100001100001
0100100001100010
0100100001100011
0100100001100100
0100100001100101
0100100001100110
0100100001100111
0100100001101000
0100100001101001
0100100001101010
0100100001101011
0100100001101100
0100100001101101
0100100001101110
0100100001101111
0100100001110000
0100100001110001
0100100001110010
0100100001110011
//////////////////////
//LDR R4 X
//////////////////////
0100100010000000
0100100010000001
0100100010000010
0100100010000011
0100100010000100
0100100010000101
0100100010000110
0100100010000111
0100100010001000
0100100010001001
0100100010001010
0100100010001011
0100100010001100
0100100010001101
0100100010001110
0100100010001111
0100100010010000
0100100010010001
0100100010010010
0100100010010011
//////////////////////
//LDR R5 X
//////////////////////
0100100010100000
0100100010100001
0100100010100010
0100100010100011
0100100010100100
0100100010100101
0100100010100110
0100100010100111
0100100010101000
0100100010101001
0100100010101010
0100100010101011
0100100010101100
0100100010101101
0100100010101110
0100100010101111
0100100010110000
0100100010110001
0100100010110010
0100100010110011
//////////////////////
//LDR R6 X
//////////////////////
0100100011000000
0100100011000001
0100100011000010
0100100011000011
0100100011000100
0100100011000101
0100100011000110
0100100011000111
0100100011001000
0100100011001001
0100100011001010
0100100011001011
0100100011001100
0100100011001101
0100100011001110
0100100011001111
0100100011010000
0100100011010001
0100100011010010
0100100011010011
//////////////////////
//LDR R7 X
//////////////////////
0100100011100000
0100100011100001
0100100011100010
0100100011100011
0100100011100100
0100100011100101
0100100011100110
0100100011100111
0100100011101000
0100100011101001
0100100011101010
0100100011101011
0100100011101100
0100100011101101
0100100011101110
0100100011101111
0100100011110000
0100100011110001
0100100011110010
0100100011110011
//////////////////////
//LDR R8 X
//////////////////////
0100100100000000
0100100100000001
0100100100000010
0100100100000011
0100100100000100
0100100100000101
0100100100000110
0100100100000111
0100100100001000
0100100100001001
0100100100001010
0100100100001011
0100100100001100
0100100100001101
0100100100001110
0100100100001111
0100100100010000
0100100100010001
0100100100010010
0100100100010011
//////////////////////
//LDR R9 X
//////////////////////
0100100100100000
0100100100100001
0100100100100010
0100100100100011
0100100100100100
0100100100100101
0100100100100110
0100100100100111
0100100100101000
0100100100101001
0100100100101010
0100100100101011
0100100100101100
0100100100101101
0100100100101110
0100100100101111
0100100100110000
0100100100110001
0100100100110010
0100100100110011
//////////////////////
//LDR R10 X
//////////////////////
0100100101000000
0100100101000001
0100100101000010
0100100101000011
0100100101000100
0100100101000101
0100100101000110
0100100101000111
0100100101001000
0100100101001001
0100100101001010
0100100101001011
0100100101001100
0100100101001101
0100100101001110
0100100101001111
0100100101010000
0100100101010001
0100100101010010
0100100101010011
//////////////////////
//LDR R11 X
//////////////////////
0100100101100000
0100100101100001
0100100101100010
0100100101100011
0100100101100100
0100100101100101
0100100101100110
0100100101100111
0100100101101000
0100100101101001
0100100101101010
0100100101101011
0100100101101100
0100100101101101
0100100101101110
0100100101101111
0100100101110000
0100100101110001
0100100101110010
0100100101110011
//////////////////////
//LDR R12 X
//////////////////////
0100100110000000
0100100110000001
0100100110000010
0100100110000011
0100100110000100
0100100110000101
0100100110000110
0100100110000111
0100100110001000
0100100110001001
0100100110001010
0100100110001011
0100100110001100
0100100110001101
0100100110001110
0100100110001111
0100100110010000
0100100110010001
0100100110010010
0100100110010011
//////////////////////
//LDR R13 X
//////////////////////
0100100110100000
0100100110100001
0100100110100010
0100100110100011
0100100110100100
0100100110100101
0100100110100110
0100100110100111
0100100110101000
0100100110101001
0100100110101010
0100100110101011
0100100110101100
0100100110101101
0100100110101110
0100100110101111
0100100110110000
0100100110110001
0100100110110010
0100100110110011
//////////////////////
//LDR R14 X
//////////////////////
0100100111000000
0100100111000001
0100100111000010
0100100111000011
0100100111000100
0100100111000101
0100100111000110
0100100111000111
0100100111001000
0100100111001001
0100100111001010
0100100111001011
0100100111001100
0100100111001101
0100100111001110
0100100111001111
0100100111010000
0100100111010001
0100100111010010
0100100111010011
//////////////////////
//LDR R15 X
//////////////////////
0100100111100000
0100100111100001
0100100111100010
0100100111100011
0100100111100100
0100100111100101
0100100111100110
0100100111100111
0100100111101000
0100100111101001
0100100111101010
0100100111101011
0100100111101100
0100100111101101
0100100111101110
0100100111101111
0100100111110000
0100100111110001
0100100111110010
0100100111110011
//////////////////////
//LDR R16 X
//////////////////////
0100101000000000
0100101000000001
0100101000000010
0100101000000011
0100101000000100
0100101000000101
0100101000000110
0100101000000111
0100101000001000
0100101000001001
0100101000001010
0100101000001011
0100101000001100
0100101000001101
0100101000001110
0100101000001111
0100101000010000
0100101000010001
0100101000010010
0100101000010011
//////////////////////
//LDR R17 X
//////////////////////
0100101000100000
0100101000100001
0100101000100010
0100101000100011
0100101000100100
0100101000100101
0100101000100110
0100101000100111
0100101000101000
0100101000101001
0100101000101010
0100101000101011
0100101000101100
0100101000101101
0100101000101110
0100101000101111
0100101000110000
0100101000110001
0100101000110010
0100101000110011
//////////////////////
//LDR R18 X
//////////////////////
0100101001000000
0100101001000001
0100101001000010
0100101001000011
0100101001000100
0100101001000101
0100101001000110
0100101001000111
0100101001001000
0100101001001001
0100101001001010
0100101001001011
0100101001001100
0100101001001101
0100101001001110
0100101001001111
0100101001010000
0100101001010001
0100101001010010
0100101001010011
//////////////////////
//LDR R19 X
//////////////////////
0100101001100000
0100101001100001
0100101001100010
0100101001100011
0100101001100100
0100101001100101
0100101001100110
0100101001100111
0100101001101000
0100101001101001
0100101001101010
0100101001101011
0100101001101100
0100101001101101
0100101001101110
0100101001101111
0100101001110000
0100101001110001
0100101001110010
0100101001110011
0100101001110011