//////////////////////
//LSR R0 X
//////////////////////
0011000000000000
0011000000000001
0011000000000010
0011000000000011
0011000000000100
0011000000000101
0011000000000110
0011000000000111
0011000000001000
0011000000001001
0011000000001010
0011000000001011
0011000000001100
0011000000001101
0011000000001110
0011000000001111
//////////////////////
//LSR R1 X
//////////////////////
0011000000100000
0011000000100001
0011000000100010
0011000000100011
0011000000100100
0011000000100101
0011000000100110
0011000000100111
0011000000101000
0011000000101001
0011000000101010
0011000000101011
0011000000101100
0011000000101101
0011000000101110
0011000000101111
//////////////////////
//LSR R2 X
//////////////////////
0011000001000000
0011000001000001
0011000001000010
0011000001000011
0011000001000100
0011000001000101
0011000001000110
0011000001000111
0011000001001000
0011000001001001
0011000001001010
0011000001001011
0011000001001100
0011000001001101
0011000001001110
0011000001001111
//////////////////////
//LSR R3 X
//////////////////////
0011000001100000
0011000001100001
0011000001100010
0011000001100011
0011000001100100
0011000001100101
0011000001100110
0011000001100111
0011000001101000
0011000001101001
0011000001101010
0011000001101011
0011000001101100
0011000001101101
0011000001101110
0011000001101111
//////////////////////
//LSR R4 X
//////////////////////
0011000010000000
0011000010000001
0011000010000010
0011000010000011
0011000010000100
0011000010000101
0011000010000110
0011000010000111
0011000010001000
0011000010001001
0011000010001010
0011000010001011
0011000010001100
0011000010001101
0011000010001110
0011000010001111
//////////////////////
//LSR R5 X
//////////////////////
0011000010100000
0011000010100001
0011000010100010
0011000010100011
0011000010100100
0011000010100101
0011000010100110
0011000010100111
0011000010101000
0011000010101001
0011000010101010
0011000010101011
0011000010101100
0011000010101101
0011000010101110
0011000010101111
//////////////////////
//LSR R6 X
//////////////////////
0011000011000000
0011000011000001
0011000011000010
0011000011000011
0011000011000100
0011000011000101
0011000011000110
0011000011000111
0011000011001000
0011000011001001
0011000011001010
0011000011001011
0011000011001100
0011000011001101
0011000011001110
0011000011001111
//////////////////////
//LSR R7 X
//////////////////////
0011000011100000
0011000011100001
0011000011100010
0011000011100011
0011000011100100
0011000011100101
0011000011100110
0011000011100111
0011000011101000
0011000011101001
0011000011101010
0011000011101011
0011000011101100
0011000011101101
0011000011101110
0011000011101111
//////////////////////
//LSR R8 X
//////////////////////
0011000100000000
0011000100000001
0011000100000010
0011000100000011
0011000100000100
0011000100000101
0011000100000110
0011000100000111
0011000100001000
0011000100001001
0011000100001010
0011000100001011
0011000100001100
0011000100001101
0011000100001110
0011000100001111
//////////////////////
//LSR R9 X
//////////////////////
0011000100100000
0011000100100001
0011000100100010
0011000100100011
0011000100100100
0011000100100101
0011000100100110
0011000100100111
0011000100101000
0011000100101001
0011000100101010
0011000100101011
0011000100101100
0011000100101101
0011000100101110
0011000100101111
//////////////////////
//LSR R10 X
//////////////////////
0011000101000000
0011000101000001
0011000101000010
0011000101000011
0011000101000100
0011000101000101
0011000101000110
0011000101000111
0011000101001000
0011000101001001
0011000101001010
0011000101001011
0011000101001100
0011000101001101
0011000101001110
0011000101001111
//////////////////////
//LSR R11 X
//////////////////////
0011000101100000
0011000101100001
0011000101100010
0011000101100011
0011000101100100
0011000101100101
0011000101100110
0011000101100111
0011000101101000
0011000101101001
0011000101101010
0011000101101011
0011000101101100
0011000101101101
0011000101101110
0011000101101111
//////////////////////
//LSR R12 X
//////////////////////
0011000110000000
0011000110000001
0011000110000010
0011000110000011
0011000110000100
0011000110000101
0011000110000110
0011000110000111
0011000110001000
0011000110001001
0011000110001010
0011000110001011
0011000110001100
0011000110001101
0011000110001110
0011000110001111
//////////////////////
//LSR R13 X
//////////////////////
0011000110100000
0011000110100001
0011000110100010
0011000110100011
0011000110100100
0011000110100101
0011000110100110
0011000110100111
0011000110101000
0011000110101001
0011000110101010
0011000110101011
0011000110101100
0011000110101101
0011000110101110
0011000110101111
//////////////////////
//LSR R14 X
//////////////////////
0011000111000000
0011000111000001
0011000111000010
0011000111000011
0011000111000100
0011000111000101
0011000111000110
0011000111000111
0011000111001000
0011000111001001
0011000111001010
0011000111001011
0011000111001100
0011000111001101
0011000111001110
0011000111001111
//////////////////////
//LSR R15 X
//////////////////////
0011000111100000
0011000111100001
0011000111100010
0011000111100011
0011000111100100
0011000111100101
0011000111100110
0011000111100111
0011000111101000
0011000111101001
0011000111101010
0011000111101011
0011000111101100
0011000111101101
0011000111101110
0011000111101111
//////////////////////
//LSR R16 X
//////////////////////
0011001000000000
0011001000000001
0011001000000010
0011001000000011
0011001000000100
0011001000000101
0011001000000110
0011001000000111
0011001000001000
0011001000001001
0011001000001010
0011001000001011
0011001000001100
0011001000001101
0011001000001110
0011001000001111
//////////////////////
//LSR R17 X
//////////////////////
0011001000100000
0011001000100001
0011001000100010
0011001000100011
0011001000100100
0011001000100101
0011001000100110
0011001000100111
0011001000101000
0011001000101001
0011001000101010
0011001000101011
0011001000101100
0011001000101101
0011001000101110
0011001000101111
//////////////////////
//LSR R18 X
//////////////////////
0011001001000000
0011001001000001
0011001001000010
0011001001000011
0011001001000100
0011001001000101
0011001001000110
0011001001000111
0011001001001000
0011001001001001
0011001001001010
0011001001001011
0011001001001100
0011001001001101
0011001001001110
0011001001001111
//////////////////////
//LSR R19 X
//////////////////////
0011001001100000
0011001001100001
0011001001100010
0011001001100011
0011001001100100
0011001001100101
0011001001100110
0011001001100111
0011001001101000
0011001001101001
0011001001101010
0011001001101011
0011001001101100
0011001001101101
0011001001101110
0011001001101111
//////////////////////
//ASR R0 X
//////////////////////
0011010000000000
0011010000000001
0011010000000010
0011010000000011
0011010000000100
0011010000000101
0011010000000110
0011010000000111
0011010000001000
0011010000001001
0011010000001010
0011010000001011
0011010000001100
0011010000001101
0011010000001110
0011010000001111
//////////////////////
//ASR R1 X
//////////////////////
0011010000100000
0011010000100001
0011010000100010
0011010000100011
0011010000100100
0011010000100101
0011010000100110
0011010000100111
0011010000101000
0011010000101001
0011010000101010
0011010000101011
0011010000101100
0011010000101101
0011010000101110
0011010000101111
//////////////////////
//ASR R2 X
//////////////////////
0011010001000000
0011010001000001
0011010001000010
0011010001000011
0011010001000100
0011010001000101
0011010001000110
0011010001000111
0011010001001000
0011010001001001
0011010001001010
0011010001001011
0011010001001100
0011010001001101
0011010001001110
0011010001001111
//////////////////////
//ASR R3 X
//////////////////////
0011010001100000
0011010001100001
0011010001100010
0011010001100011
0011010001100100
0011010001100101
0011010001100110
0011010001100111
0011010001101000
0011010001101001
0011010001101010
0011010001101011
0011010001101100
0011010001101101
0011010001101110
0011010001101111
//////////////////////
//ASR R4 X
//////////////////////
0011010010000000
0011010010000001
0011010010000010
0011010010000011
0011010010000100
0011010010000101
0011010010000110
0011010010000111
0011010010001000
0011010010001001
0011010010001010
0011010010001011
0011010010001100
0011010010001101
0011010010001110
0011010010001111
//////////////////////
//ASR R5 X
//////////////////////
0011010010100000
0011010010100001
0011010010100010
0011010010100011
0011010010100100
0011010010100101
0011010010100110
0011010010100111
0011010010101000
0011010010101001
0011010010101010
0011010010101011
0011010010101100
0011010010101101
0011010010101110
0011010010101111
//////////////////////
//ASR R6 X
//////////////////////
0011010011000000
0011010011000001
0011010011000010
0011010011000011
0011010011000100
0011010011000101
0011010011000110
0011010011000111
0011010011001000
0011010011001001
0011010011001010
0011010011001011
0011010011001100
0011010011001101
0011010011001110
0011010011001111
//////////////////////
//ASR R7 X
//////////////////////
0011010011100000
0011010011100001
0011010011100010
0011010011100011
0011010011100100
0011010011100101
0011010011100110
0011010011100111
0011010011101000
0011010011101001
0011010011101010
0011010011101011
0011010011101100
0011010011101101
0011010011101110
0011010011101111
//////////////////////
//ASR R8 X
//////////////////////
0011010100000000
0011010100000001
0011010100000010
0011010100000011
0011010100000100
0011010100000101
0011010100000110
0011010100000111
0011010100001000
0011010100001001
0011010100001010
0011010100001011
0011010100001100
0011010100001101
0011010100001110
0011010100001111
//////////////////////
//ASR R9 X
//////////////////////
0011010100100000
0011010100100001
0011010100100010
0011010100100011
0011010100100100
0011010100100101
0011010100100110
0011010100100111
0011010100101000
0011010100101001
0011010100101010
0011010100101011
0011010100101100
0011010100101101
0011010100101110
0011010100101111
//////////////////////
//ASR R10 X
//////////////////////
0011010101000000
0011010101000001
0011010101000010
0011010101000011
0011010101000100
0011010101000101
0011010101000110
0011010101000111
0011010101001000
0011010101001001
0011010101001010
0011010101001011
0011010101001100
0011010101001101
0011010101001110
0011010101001111
//////////////////////
//ASR R11 X
//////////////////////
0011010101100000
0011010101100001
0011010101100010
0011010101100011
0011010101100100
0011010101100101
0011010101100110
0011010101100111
0011010101101000
0011010101101001
0011010101101010
0011010101101011
0011010101101100
0011010101101101
0011010101101110
0011010101101111
//////////////////////
//ASR R12 X
//////////////////////
0011010110000000
0011010110000001
0011010110000010
0011010110000011
0011010110000100
0011010110000101
0011010110000110
0011010110000111
0011010110001000
0011010110001001
0011010110001010
0011010110001011
0011010110001100
0011010110001101
0011010110001110
0011010110001111
//////////////////////
//ASR R13 X
//////////////////////
0011010110100000
0011010110100001
0011010110100010
0011010110100011
0011010110100100
0011010110100101
0011010110100110
0011010110100111
0011010110101000
0011010110101001
0011010110101010
0011010110101011
0011010110101100
0011010110101101
0011010110101110
0011010110101111
//////////////////////
//ASR R14 X
//////////////////////
0011010111000000
0011010111000001
0011010111000010
0011010111000011
0011010111000100
0011010111000101
0011010111000110
0011010111000111
0011010111001000
0011010111001001
0011010111001010
0011010111001011
0011010111001100
0011010111001101
0011010111001110
0011010111001111
//////////////////////
//ASR R15 X
//////////////////////
0011010111100000
0011010111100001
0011010111100010
0011010111100011
0011010111100100
0011010111100101
0011010111100110
0011010111100111
0011010111101000
0011010111101001
0011010111101010
0011010111101011
0011010111101100
0011010111101101
0011010111101110
0011010111101111
//////////////////////
//ASR R16 X
//////////////////////
0011011000000000
0011011000000001
0011011000000010
0011011000000011
0011011000000100
0011011000000101
0011011000000110
0011011000000111
0011011000001000
0011011000001001
0011011000001010
0011011000001011
0011011000001100
0011011000001101
0011011000001110
0011011000001111
//////////////////////
//ASR R17 X
//////////////////////
0011011000100000
0011011000100001
0011011000100010
0011011000100011
0011011000100100
0011011000100101
0011011000100110
0011011000100111
0011011000101000
0011011000101001
0011011000101010
0011011000101011
0011011000101100
0011011000101101
0011011000101110
0011011000101111
//////////////////////
//ASR R18 X
//////////////////////
0011011001000000
0011011001000001
0011011001000010
0011011001000011
0011011001000100
0011011001000101
0011011001000110
0011011001000111
0011011001001000
0011011001001001
0011011001001010
0011011001001011
0011011001001100
0011011001001101
0011011001001110
0011011001001111
//////////////////////
//ASR R19 X
//////////////////////
0011011001100000
0011011001100001
0011011001100010
0011011001100011
0011011001100100
0011011001100101
0011011001100110
0011011001100111
0011011001101000
0011011001101001
0011011001101010
0011011001101011
0011011001101100
0011011001101101
0011011001101110
0011011001101111