//////////////////////
//MOV R0 X
//////////////////////
0100000000000000
0100000000000001
0100000000000010
0100000000000011
0100000000000100
0100000000000101
0100000000000110
0100000000000111
0100000000001000
0100000000001001
0100000000001010
0100000000001011
0100000000001100
0100000000001101
0100000000001110
0100000000001111
0100000000010000
0100000000010001
0100000000010010
0100000000010011
//////////////////////
//MOV R1 X
//////////////////////
0100000000100000
0100000000100001
0100000000100010
0100000000100011
0100000000100100
0100000000100101
0100000000100110
0100000000100111
0100000000101000
0100000000101001
0100000000101010
0100000000101011
0100000000101100
0100000000101101
0100000000101110
0100000000101111
0100000000110000
0100000000110001
0100000000110010
0100000000110011
//////////////////////
//MOV R2 X
//////////////////////
0100000001000000
0100000001000001
0100000001000010
0100000001000011
0100000001000100
0100000001000101
0100000001000110
0100000001000111
0100000001001000
0100000001001001
0100000001001010
0100000001001011
0100000001001100
0100000001001101
0100000001001110
0100000001001111
0100000001010000
0100000001010001
0100000001010010
0100000001010011
//////////////////////
//MOV R3 X
//////////////////////
0100000001100000
0100000001100001
0100000001100010
0100000001100011
0100000001100100
0100000001100101
0100000001100110
0100000001100111
0100000001101000
0100000001101001
0100000001101010
0100000001101011
0100000001101100
0100000001101101
0100000001101110
0100000001101111
0100000001110000
0100000001110001
0100000001110010
0100000001110011
//////////////////////
//MOV R4 X
//////////////////////
0100000010000000
0100000010000001
0100000010000010
0100000010000011
0100000010000100
0100000010000101
0100000010000110
0100000010000111
0100000010001000
0100000010001001
0100000010001010
0100000010001011
0100000010001100
0100000010001101
0100000010001110
0100000010001111
0100000010010000
0100000010010001
0100000010010010
0100000010010011
//////////////////////
//MOV R5 X
//////////////////////
0100000010100000
0100000010100001
0100000010100010
0100000010100011
0100000010100100
0100000010100101
0100000010100110
0100000010100111
0100000010101000
0100000010101001
0100000010101010
0100000010101011
0100000010101100
0100000010101101
0100000010101110
0100000010101111
0100000010110000
0100000010110001
0100000010110010
0100000010110011
//////////////////////
//MOV R6 X
//////////////////////
0100000011000000
0100000011000001
0100000011000010
0100000011000011
0100000011000100
0100000011000101
0100000011000110
0100000011000111
0100000011001000
0100000011001001
0100000011001010
0100000011001011
0100000011001100
0100000011001101
0100000011001110
0100000011001111
0100000011010000
0100000011010001
0100000011010010
0100000011010011
//////////////////////
//MOV R7 X
//////////////////////
0100000011100000
0100000011100001
0100000011100010
0100000011100011
0100000011100100
0100000011100101
0100000011100110
0100000011100111
0100000011101000
0100000011101001
0100000011101010
0100000011101011
0100000011101100
0100000011101101
0100000011101110
0100000011101111
0100000011110000
0100000011110001
0100000011110010
0100000011110011
//////////////////////
//MOV R8 X
//////////////////////
0100000100000000
0100000100000001
0100000100000010
0100000100000011
0100000100000100
0100000100000101
0100000100000110
0100000100000111
0100000100001000
0100000100001001
0100000100001010
0100000100001011
0100000100001100
0100000100001101
0100000100001110
0100000100001111
0100000100010000
0100000100010001
0100000100010010
0100000100010011
//////////////////////
//MOV R9 X
//////////////////////
0100000100100000
0100000100100001
0100000100100010
0100000100100011
0100000100100100
0100000100100101
0100000100100110
0100000100100111
0100000100101000
0100000100101001
0100000100101010
0100000100101011
0100000100101100
0100000100101101
0100000100101110
0100000100101111
0100000100110000
0100000100110001
0100000100110010
0100000100110011
//////////////////////
//MOV R10 X
//////////////////////
0100000101000000
0100000101000001
0100000101000010
0100000101000011
0100000101000100
0100000101000101
0100000101000110
0100000101000111
0100000101001000
0100000101001001
0100000101001010
0100000101001011
0100000101001100
0100000101001101
0100000101001110
0100000101001111
0100000101010000
0100000101010001
0100000101010010
0100000101010011
//////////////////////
//MOV R11 X
//////////////////////
0100000101100000
0100000101100001
0100000101100010
0100000101100011
0100000101100100
0100000101100101
0100000101100110
0100000101100111
0100000101101000
0100000101101001
0100000101101010
0100000101101011
0100000101101100
0100000101101101
0100000101101110
0100000101101111
0100000101110000
0100000101110001
0100000101110010
0100000101110011
//////////////////////
//MOV R12 X
//////////////////////
0100000110000000
0100000110000001
0100000110000010
0100000110000011
0100000110000100
0100000110000101
0100000110000110
0100000110000111
0100000110001000
0100000110001001
0100000110001010
0100000110001011
0100000110001100
0100000110001101
0100000110001110
0100000110001111
0100000110010000
0100000110010001
0100000110010010
0100000110010011
//////////////////////
//MOV R13 X
//////////////////////
0100000110100000
0100000110100001
0100000110100010
0100000110100011
0100000110100100
0100000110100101
0100000110100110
0100000110100111
0100000110101000
0100000110101001
0100000110101010
0100000110101011
0100000110101100
0100000110101101
0100000110101110
0100000110101111
0100000110110000
0100000110110001
0100000110110010
0100000110110011
//////////////////////
//MOV R14 X
//////////////////////
0100000111000000
0100000111000001
0100000111000010
0100000111000011
0100000111000100
0100000111000101
0100000111000110
0100000111000111
0100000111001000
0100000111001001
0100000111001010
0100000111001011
0100000111001100
0100000111001101
0100000111001110
0100000111001111
0100000111010000
0100000111010001
0100000111010010
0100000111010011
//////////////////////
//MOV R15 X
//////////////////////
0100000111100000
0100000111100001
0100000111100010
0100000111100011
0100000111100100
0100000111100101
0100000111100110
0100000111100111
0100000111101000
0100000111101001
0100000111101010
0100000111101011
0100000111101100
0100000111101101
0100000111101110
0100000111101111
0100000111110000
0100000111110001
0100000111110010
0100000111110011
//////////////////////
//MOV R16 X
//////////////////////
0100001000000000
0100001000000001
0100001000000010
0100001000000011
0100001000000100
0100001000000101
0100001000000110
0100001000000111
0100001000001000
0100001000001001
0100001000001010
0100001000001011
0100001000001100
0100001000001101
0100001000001110
0100001000001111
0100001000010000
0100001000010001
0100001000010010
0100001000010011
//////////////////////
//MOV R17 X
//////////////////////
0100001000100000
0100001000100001
0100001000100010
0100001000100011
0100001000100100
0100001000100101
0100001000100110
0100001000100111
0100001000101000
0100001000101001
0100001000101010
0100001000101011
0100001000101100
0100001000101101
0100001000101110
0100001000101111
0100001000110000
0100001000110001
0100001000110010
0100001000110011
//////////////////////
//MOV R18 X
//////////////////////
0100001001000000
0100001001000001
0100001001000010
0100001001000011
0100001001000100
0100001001000101
0100001001000110
0100001001000111
0100001001001000
0100001001001001
0100001001001010
0100001001001011
0100001001001100
0100001001001101
0100001001001110
0100001001001111
0100001001010000
0100001001010001
0100001001010010
0100001001010011
//////////////////////
//MOV R19 X
//////////////////////
0100001001100000
0100001001100001
0100001001100010
0100001001100011
0100001001100100
0100001001100101
0100001001100110
0100001001100111
0100001001101000
0100001001101001
0100001001101010
0100001001101011
0100001001101100
0100001001101101
0100001001101110
0100001001101111
0100001001110000
0100001001110001
0100001001110010
0100001001110011
0100001001110011
//////////////////////
//SWAP R0 X
//////////////////////
0100010000000000
0100010000000001
0100010000000010
0100010000000011
0100010000000100
0100010000000101
0100010000000110
0100010000000111
0100010000001000
0100010000001001
0100010000001010
0100010000001011
0100010000001100
0100010000001101
0100010000001110
0100010000001111
0100010000010000
0100010000010001
0100010000010010
0100010000010011
//////////////////////
//SWAP R1 X
//////////////////////
0100010000100000
0100010000100001
0100010000100010
0100010000100011
0100010000100100
0100010000100101
0100010000100110
0100010000100111
0100010000101000
0100010000101001
0100010000101010
0100010000101011
0100010000101100
0100010000101101
0100010000101110
0100010000101111
0100010000110000
0100010000110001
0100010000110010
0100010000110011
//////////////////////
//SWAP R2 X
//////////////////////
0100010001000000
0100010001000001
0100010001000010
0100010001000011
0100010001000100
0100010001000101
0100010001000110
0100010001000111
0100010001001000
0100010001001001
0100010001001010
0100010001001011
0100010001001100
0100010001001101
0100010001001110
0100010001001111
0100010001010000
0100010001010001
0100010001010010
0100010001010011
//////////////////////
//SWAP R3 X
//////////////////////
0100010001100000
0100010001100001
0100010001100010
0100010001100011
0100010001100100
0100010001100101
0100010001100110
0100010001100111
0100010001101000
0100010001101001
0100010001101010
0100010001101011
0100010001101100
0100010001101101
0100010001101110
0100010001101111
0100010001110000
0100010001110001
0100010001110010
0100010001110011
//////////////////////
//SWAP R4 X
//////////////////////
0100010010000000
0100010010000001
0100010010000010
0100010010000011
0100010010000100
0100010010000101
0100010010000110
0100010010000111
0100010010001000
0100010010001001
0100010010001010
0100010010001011
0100010010001100
0100010010001101
0100010010001110
0100010010001111
0100010010010000
0100010010010001
0100010010010010
0100010010010011
//////////////////////
//SWAP R5 X
//////////////////////
0100010010100000
0100010010100001
0100010010100010
0100010010100011
0100010010100100
0100010010100101
0100010010100110
0100010010100111
0100010010101000
0100010010101001
0100010010101010
0100010010101011
0100010010101100
0100010010101101
0100010010101110
0100010010101111
0100010010110000
0100010010110001
0100010010110010
0100010010110011
//////////////////////
//SWAP R6 X
//////////////////////
0100010011000000
0100010011000001
0100010011000010
0100010011000011
0100010011000100
0100010011000101
0100010011000110
0100010011000111
0100010011001000
0100010011001001
0100010011001010
0100010011001011
0100010011001100
0100010011001101
0100010011001110
0100010011001111
0100010011010000
0100010011010001
0100010011010010
0100010011010011
//////////////////////
//SWAP R7 X
//////////////////////
0100010011100000
0100010011100001
0100010011100010
0100010011100011
0100010011100100
0100010011100101
0100010011100110
0100010011100111
0100010011101000
0100010011101001
0100010011101010
0100010011101011
0100010011101100
0100010011101101
0100010011101110
0100010011101111
0100010011110000
0100010011110001
0100010011110010
0100010011110011
//////////////////////
//SWAP R8 X
//////////////////////
0100010100000000
0100010100000001
0100010100000010
0100010100000011
0100010100000100
0100010100000101
0100010100000110
0100010100000111
0100010100001000
0100010100001001
0100010100001010
0100010100001011
0100010100001100
0100010100001101
0100010100001110
0100010100001111
0100010100010000
0100010100010001
0100010100010010
0100010100010011
//////////////////////
//SWAP R9 X
//////////////////////
0100010100100000
0100010100100001
0100010100100010
0100010100100011
0100010100100100
0100010100100101
0100010100100110
0100010100100111
0100010100101000
0100010100101001
0100010100101010
0100010100101011
0100010100101100
0100010100101101
0100010100101110
0100010100101111
0100010100110000
0100010100110001
0100010100110010
0100010100110011
//////////////////////
//SWAP R10 X
//////////////////////
0100010101000000
0100010101000001
0100010101000010
0100010101000011
0100010101000100
0100010101000101
0100010101000110
0100010101000111
0100010101001000
0100010101001001
0100010101001010
0100010101001011
0100010101001100
0100010101001101
0100010101001110
0100010101001111
0100010101010000
0100010101010001
0100010101010010
0100010101010011
//////////////////////
//SWAP R11 X
//////////////////////
0100010101100000
0100010101100001
0100010101100010
0100010101100011
0100010101100100
0100010101100101
0100010101100110
0100010101100111
0100010101101000
0100010101101001
0100010101101010
0100010101101011
0100010101101100
0100010101101101
0100010101101110
0100010101101111
0100010101110000
0100010101110001
0100010101110010
0100010101110011
//////////////////////
//SWAP R12 X
//////////////////////
0100010110000000
0100010110000001
0100010110000010
0100010110000011
0100010110000100
0100010110000101
0100010110000110
0100010110000111
0100010110001000
0100010110001001
0100010110001010
0100010110001011
0100010110001100
0100010110001101
0100010110001110
0100010110001111
0100010110010000
0100010110010001
0100010110010010
0100010110010011
//////////////////////
//SWAP R13 X
//////////////////////
0100010110100000
0100010110100001
0100010110100010
0100010110100011
0100010110100100
0100010110100101
0100010110100110
0100010110100111
0100010110101000
0100010110101001
0100010110101010
0100010110101011
0100010110101100
0100010110101101
0100010110101110
0100010110101111
0100010110110000
0100010110110001
0100010110110010
0100010110110011
//////////////////////
//SWAP R14 X
//////////////////////
0100010111000000
0100010111000001
0100010111000010
0100010111000011
0100010111000100
0100010111000101
0100010111000110
0100010111000111
0100010111001000
0100010111001001
0100010111001010
0100010111001011
0100010111001100
0100010111001101
0100010111001110
0100010111001111
0100010111010000
0100010111010001
0100010111010010
0100010111010011
//////////////////////
//SWAP R15 X
//////////////////////
0100010111100000
0100010111100001
0100010111100010
0100010111100011
0100010111100100
0100010111100101
0100010111100110
0100010111100111
0100010111101000
0100010111101001
0100010111101010
0100010111101011
0100010111101100
0100010111101101
0100010111101110
0100010111101111
0100010111110000
0100010111110001
0100010111110010
0100010111110011
//////////////////////
//SWAP R16 X
//////////////////////
0100011000000000
0100011000000001
0100011000000010
0100011000000011
0100011000000100
0100011000000101
0100011000000110
0100011000000111
0100011000001000
0100011000001001
0100011000001010
0100011000001011
0100011000001100
0100011000001101
0100011000001110
0100011000001111
0100011000010000
0100011000010001
0100011000010010
0100011000010011
//////////////////////
//SWAP R17 X
//////////////////////
0100011000100000
0100011000100001
0100011000100010
0100011000100011
0100011000100100
0100011000100101
0100011000100110
0100011000100111
0100011000101000
0100011000101001
0100011000101010
0100011000101011
0100011000101100
0100011000101101
0100011000101110
0100011000101111
0100011000110000
0100011000110001
0100011000110010
0100011000110011
//////////////////////
//SWAP R18 X
//////////////////////
0100011001000000
0100011001000001
0100011001000010
0100011001000011
0100011001000100
0100011001000101
0100011001000110
0100011001000111
0100011001001000
0100011001001001
0100011001001010
0100011001001011
0100011001001100
0100011001001101
0100011001001110
0100011001001111
0100011001010000
0100011001010001
0100011001010010
0100011001010011
//////////////////////
//SWAP R19 X
//////////////////////
0100011001100000
0100011001100001
0100011001100010
0100011001100011
0100011001100100
0100011001100101
0100011001100110
0100011001100111
0100011001101000
0100011001101001
0100011001101010
0100011001101011
0100011001101100
0100011001101101
0100011001101110
0100011001101111
0100011001110000
0100011001110001
0100011001110010
0100011001110011
0100011001110011