//////////////////////
//ROL R0 X
//////////////////////
0011100000000000
0011100000000001
0011100000000010
0011100000000011
0011100000000100
0011100000000101
0011100000000110
0011100000000111
0011100000001000
0011100000001001
0011100000001010
0011100000001011
0011100000001100
0011100000001101
0011100000001110
0011100000001111
//////////////////////
//ROL R1 X
//////////////////////
0011100000100000
0011100000100001
0011100000100010
0011100000100011
0011100000100100
0011100000100101
0011100000100110
0011100000100111
0011100000101000
0011100000101001
0011100000101010
0011100000101011
0011100000101100
0011100000101101
0011100000101110
0011100000101111
//////////////////////
//ROL R2 X
//////////////////////
0011100001000000
0011100001000001
0011100001000010
0011100001000011
0011100001000100
0011100001000101
0011100001000110
0011100001000111
0011100001001000
0011100001001001
0011100001001010
0011100001001011
0011100001001100
0011100001001101
0011100001001110
0011100001001111
//////////////////////
//ROL R3 X
//////////////////////
0011100001100000
0011100001100001
0011100001100010
0011100001100011
0011100001100100
0011100001100101
0011100001100110
0011100001100111
0011100001101000
0011100001101001
0011100001101010
0011100001101011
0011100001101100
0011100001101101
0011100001101110
0011100001101111
//////////////////////
//ROL R4 X
//////////////////////
0011100010000000
0011100010000001
0011100010000010
0011100010000011
0011100010000100
0011100010000101
0011100010000110
0011100010000111
0011100010001000
0011100010001001
0011100010001010
0011100010001011
0011100010001100
0011100010001101
0011100010001110
0011100010001111
//////////////////////
//ROL R5 X
//////////////////////
0011100010100000
0011100010100001
0011100010100010
0011100010100011
0011100010100100
0011100010100101
0011100010100110
0011100010100111
0011100010101000
0011100010101001
0011100010101010
0011100010101011
0011100010101100
0011100010101101
0011100010101110
0011100010101111
//////////////////////
//ROL R6 X
//////////////////////
0011100011000000
0011100011000001
0011100011000010
0011100011000011
0011100011000100
0011100011000101
0011100011000110
0011100011000111
0011100011001000
0011100011001001
0011100011001010
0011100011001011
0011100011001100
0011100011001101
0011100011001110
0011100011001111
//////////////////////
//ROL R7 X
//////////////////////
0011100011100000
0011100011100001
0011100011100010
0011100011100011
0011100011100100
0011100011100101
0011100011100110
0011100011100111
0011100011101000
0011100011101001
0011100011101010
0011100011101011
0011100011101100
0011100011101101
0011100011101110
0011100011101111
//////////////////////
//ROL R8 X
//////////////////////
0011100100000000
0011100100000001
0011100100000010
0011100100000011
0011100100000100
0011100100000101
0011100100000110
0011100100000111
0011100100001000
0011100100001001
0011100100001010
0011100100001011
0011100100001100
0011100100001101
0011100100001110
0011100100001111
//////////////////////
//ROL R9 X
//////////////////////
0011100100100000
0011100100100001
0011100100100010
0011100100100011
0011100100100100
0011100100100101
0011100100100110
0011100100100111
0011100100101000
0011100100101001
0011100100101010
0011100100101011
0011100100101100
0011100100101101
0011100100101110
0011100100101111
//////////////////////
//ROL R10 X
//////////////////////
0011100101000000
0011100101000001
0011100101000010
0011100101000011
0011100101000100
0011100101000101
0011100101000110
0011100101000111
0011100101001000
0011100101001001
0011100101001010
0011100101001011
0011100101001100
0011100101001101
0011100101001110
0011100101001111
//////////////////////
//ROL R11 X
//////////////////////
0011100101100000
0011100101100001
0011100101100010
0011100101100011
0011100101100100
0011100101100101
0011100101100110
0011100101100111
0011100101101000
0011100101101001
0011100101101010
0011100101101011
0011100101101100
0011100101101101
0011100101101110
0011100101101111
//////////////////////
//ROL R12 X
//////////////////////
0011100110000000
0011100110000001
0011100110000010
0011100110000011
0011100110000100
0011100110000101
0011100110000110
0011100110000111
0011100110001000
0011100110001001
0011100110001010
0011100110001011
0011100110001100
0011100110001101
0011100110001110
0011100110001111
//////////////////////
//ROL R13 X
//////////////////////
0011100110100000
0011100110100001
0011100110100010
0011100110100011
0011100110100100
0011100110100101
0011100110100110
0011100110100111
0011100110101000
0011100110101001
0011100110101010
0011100110101011
0011100110101100
0011100110101101
0011100110101110
0011100110101111
//////////////////////
//ROL R14 X
//////////////////////
0011100111000000
0011100111000001
0011100111000010
0011100111000011
0011100111000100
0011100111000101
0011100111000110
0011100111000111
0011100111001000
0011100111001001
0011100111001010
0011100111001011
0011100111001100
0011100111001101
0011100111001110
0011100111001111
//////////////////////
//ROL R15 X
//////////////////////
0011100111100000
0011100111100001
0011100111100010
0011100111100011
0011100111100100
0011100111100101
0011100111100110
0011100111100111
0011100111101000
0011100111101001
0011100111101010
0011100111101011
0011100111101100
0011100111101101
0011100111101110
0011100111101111
//////////////////////
//ROL R16 X
//////////////////////
0011101000000000
0011101000000001
0011101000000010
0011101000000011
0011101000000100
0011101000000101
0011101000000110
0011101000000111
0011101000001000
0011101000001001
0011101000001010
0011101000001011
0011101000001100
0011101000001101
0011101000001110
0011101000001111
//////////////////////
//ROL R17 X
//////////////////////
0011101000100000
0011101000100001
0011101000100010
0011101000100011
0011101000100100
0011101000100101
0011101000100110
0011101000100111
0011101000101000
0011101000101001
0011101000101010
0011101000101011
0011101000101100
0011101000101101
0011101000101110
0011101000101111
//////////////////////
//ROL R18 X
//////////////////////
0011101001000000
0011101001000001
0011101001000010
0011101001000011
0011101001000100
0011101001000101
0011101001000110
0011101001000111
0011101001001000
0011101001001001
0011101001001010
0011101001001011
0011101001001100
0011101001001101
0011101001001110
0011101001001111
//////////////////////
//ROL R19 X
//////////////////////
0011101001100000
0011101001100001
0011101001100010
0011101001100011
0011101001100100
0011101001100101
0011101001100110
0011101001100111
0011101001101000
0011101001101001
0011101001101010
0011101001101011
0011101001101100
0011101001101101
0011101001101110
0011101001101111
//////////////////////
//ROR R0 X
//////////////////////
0011110000000000
0011110000000001
0011110000000010
0011110000000011
0011110000000100
0011110000000101
0011110000000110
0011110000000111
0011110000001000
0011110000001001
0011110000001010
0011110000001011
0011110000001100
0011110000001101
0011110000001110
0011110000001111
//////////////////////
//ROR R1 X
//////////////////////
0011110000100000
0011110000100001
0011110000100010
0011110000100011
0011110000100100
0011110000100101
0011110000100110
0011110000100111
0011110000101000
0011110000101001
0011110000101010
0011110000101011
0011110000101100
0011110000101101
0011110000101110
0011110000101111
//////////////////////
//ROR R2 X
//////////////////////
0011110001000000
0011110001000001
0011110001000010
0011110001000011
0011110001000100
0011110001000101
0011110001000110
0011110001000111
0011110001001000
0011110001001001
0011110001001010
0011110001001011
0011110001001100
0011110001001101
0011110001001110
0011110001001111
//////////////////////
//ROR R3 X
//////////////////////
0011110001100000
0011110001100001
0011110001100010
0011110001100011
0011110001100100
0011110001100101
0011110001100110
0011110001100111
0011110001101000
0011110001101001
0011110001101010
0011110001101011
0011110001101100
0011110001101101
0011110001101110
0011110001101111
//////////////////////
//ROR R4 X
//////////////////////
0011110010000000
0011110010000001
0011110010000010
0011110010000011
0011110010000100
0011110010000101
0011110010000110
0011110010000111
0011110010001000
0011110010001001
0011110010001010
0011110010001011
0011110010001100
0011110010001101
0011110010001110
0011110010001111
//////////////////////
//ROR R5 X
//////////////////////
0011110010100000
0011110010100001
0011110010100010
0011110010100011
0011110010100100
0011110010100101
0011110010100110
0011110010100111
0011110010101000
0011110010101001
0011110010101010
0011110010101011
0011110010101100
0011110010101101
0011110010101110
0011110010101111
//////////////////////
//ROR R6 X
//////////////////////
0011110011000000
0011110011000001
0011110011000010
0011110011000011
0011110011000100
0011110011000101
0011110011000110
0011110011000111
0011110011001000
0011110011001001
0011110011001010
0011110011001011
0011110011001100
0011110011001101
0011110011001110
0011110011001111
//////////////////////
//ROR R7 X
//////////////////////
0011110011100000
0011110011100001
0011110011100010
0011110011100011
0011110011100100
0011110011100101
0011110011100110
0011110011100111
0011110011101000
0011110011101001
0011110011101010
0011110011101011
0011110011101100
0011110011101101
0011110011101110
0011110011101111
//////////////////////
//ROR R8 X
//////////////////////
0011110100000000
0011110100000001
0011110100000010
0011110100000011
0011110100000100
0011110100000101
0011110100000110
0011110100000111
0011110100001000
0011110100001001
0011110100001010
0011110100001011
0011110100001100
0011110100001101
0011110100001110
0011110100001111
//////////////////////
//ROR R9 X
//////////////////////
0011110100100000
0011110100100001
0011110100100010
0011110100100011
0011110100100100
0011110100100101
0011110100100110
0011110100100111
0011110100101000
0011110100101001
0011110100101010
0011110100101011
0011110100101100
0011110100101101
0011110100101110
0011110100101111
//////////////////////
//ROR R10 X
//////////////////////
0011110101000000
0011110101000001
0011110101000010
0011110101000011
0011110101000100
0011110101000101
0011110101000110
0011110101000111
0011110101001000
0011110101001001
0011110101001010
0011110101001011
0011110101001100
0011110101001101
0011110101001110
0011110101001111
//////////////////////
//ROR R11 X
//////////////////////
0011110101100000
0011110101100001
0011110101100010
0011110101100011
0011110101100100
0011110101100101
0011110101100110
0011110101100111
0011110101101000
0011110101101001
0011110101101010
0011110101101011
0011110101101100
0011110101101101
0011110101101110
0011110101101111
//////////////////////
//ROR R12 X
//////////////////////
0011110110000000
0011110110000001
0011110110000010
0011110110000011
0011110110000100
0011110110000101
0011110110000110
0011110110000111
0011110110001000
0011110110001001
0011110110001010
0011110110001011
0011110110001100
0011110110001101
0011110110001110
0011110110001111
//////////////////////
//ROR R13 X
//////////////////////
0011110110100000
0011110110100001
0011110110100010
0011110110100011
0011110110100100
0011110110100101
0011110110100110
0011110110100111
0011110110101000
0011110110101001
0011110110101010
0011110110101011
0011110110101100
0011110110101101
0011110110101110
0011110110101111
//////////////////////
//ROR R14 X
//////////////////////
0011110111000000
0011110111000001
0011110111000010
0011110111000011
0011110111000100
0011110111000101
0011110111000110
0011110111000111
0011110111001000
0011110111001001
0011110111001010
0011110111001011
0011110111001100
0011110111001101
0011110111001110
0011110111001111
//////////////////////
//ROR R15 X
//////////////////////
0011110111100000
0011110111100001
0011110111100010
0011110111100011
0011110111100100
0011110111100101
0011110111100110
0011110111100111
0011110111101000
0011110111101001
0011110111101010
0011110111101011
0011110111101100
0011110111101101
0011110111101110
0011110111101111
//////////////////////
//ROR R16 X
//////////////////////
0011111000000000
0011111000000001
0011111000000010
0011111000000011
0011111000000100
0011111000000101
0011111000000110
0011111000000111
0011111000001000
0011111000001001
0011111000001010
0011111000001011
0011111000001100
0011111000001101
0011111000001110
0011111000001111
//////////////////////
//ROR R17 X
//////////////////////
0011111000100000
0011111000100001
0011111000100010
0011111000100011
0011111000100100
0011111000100101
0011111000100110
0011111000100111
0011111000101000
0011111000101001
0011111000101010
0011111000101011
0011111000101100
0011111000101101
0011111000101110
0011111000101111
//////////////////////
//ROR R18 X
//////////////////////
0011111001000000
0011111001000001
0011111001000010
0011111001000011
0011111001000100
0011111001000101
0011111001000110
0011111001000111
0011111001001000
0011111001001001
0011111001001010
0011111001001011
0011111001001100
0011111001001101
0011111001001110
0011111001001111
//////////////////////
//ROR R19 X
//////////////////////
0011111001100000
0011111001100001
0011111001100010
0011111001100011
0011111001100100
0011111001100101
0011111001100110
0011111001100111
0011111001101000
0011111001101001
0011111001101010
0011111001101011
0011111001101100
0011111001101101
0011111001101110
0011111001101111